7033_生产 0|140|0|30700|5|
7031_生产 0|140|0|30700|5|
7029_生产 0|140|0|30700|5|
7032_生产 0|140|0|30700|5|
7026_生产 0|140|0|30700|5|
7025_生产 0|140|0|30700|5|
7027_生产 0|140|0|30700|5|
7034_生产 0|140|0|30700|5|
7030_生产 0|140|0|30700|5|
7045_546456 0|1|0|30100|0|
7042_11 0|140|0|30100|2|
7046_1010 0|1|0|30100|0|
7040_45545 0|140|0|30100|2|
7041_1936 0|40|8256|30100|0|
7011_111 0|15|1190|30100|0|
7039_2115 1|1|0|30100|0|
7009_7009 0|1|0|30100|0|
7028_8578578 0|140|0|30100|5|
7006_1100 0|1|0|30100|0|
7050_552 0|1|0|30100|0|
7002_8888 0|1|0|30100|0|
7001_2000 1|6|201|30100|0|
7043_65522 0|131|3|30100|0|
7034_1000 0|1|0|30100|0|
7041_9888 0|1|0|30100|0|
7016_12000 0|1|0|30100|0|
7015_100000 1|1|0|30100|0|
7015_88899 0|1|0|30100|0|
7014_1200 1|1|0|30400|0|
7014_1111 0|140|0|30100|5|
7040_7040 1|140|0|30100|5|
ff11987625_11113123412314 0|1|0|30100|0|
7020_788 0|140|0|30100|5|
7045_22 0|1|0|30300|0|
7009_100 0|140|0|30100|5|
7011_112 0|1|0|30100|0|
7040_1111 0|2|20|30100|0|
7033_651 0|1|0|30100|0|
7090_100 1|1|0|30100|0|
7050_小不点50 0|140|0|30000|5|
7045_100 0|40|0|30100|0|
7040_12 0|40|0|30100|0|
b1_dcccc 1|1|0|30200|0|
7005_晴子05 0|140|0|30800|5|
7006_ww 0|1|0|30400|0|
a1_ww 0|1|0|30400|0|
li1_ss 0|1|0|30500|0|
li1_sss 0|1|0|30100|0|
shiqi_sss 0|1|0|30700|0|
7088_JasonLee 0|1|0|30200|0|
7016_9595 0|140|0|30100|5|
a1_爽歪歪 0|1|0|30700|0|
21_12 1|1|0|30800|0|
7012_aaaa 1|140|0|30100|5|
10082_asaaa 0|1|0|30000|0|
10081_qqqqq 0|1|0|30700|0|
10081_10081GO 0|1|0|30700|0|
7007_Jason 0|1|0|30270|0|
7007_流川07 1|140|0|30100|5|
7027_7027 0|1|0|30100|0|
7026_7026 1|140|0|30000|5|
7014_ggg 0|140|0|30100|5|
liming_哟呵 0|140|0|30700|5|
7019_2112 0|1|0|30100|0|
7020_2112 0|1|0|30100|0|
7019_41515 0|1|0|30400|0|
7004_赤木04 0|140|0|30100|5|
7029_7029 0|1|0|30400|0|
7022_6556 0|140|0|30100|5|
7015_88 0|140|0|30100|5|
7024_7024 0|140|0|30200|5|
tomin_ja 1|1|0|30175|0|
7012_565 0|140|81002|30100|5|
7011_7011 0|140|7|30100|5|
7037_来啦7 0|140|0|30500|5|
7020_7020 1|1|0|30200|5|
7021_45445 0|140|9004|30100|5|
7038_来啦8 0|140|0|30900|5|
7001_阿牧01 0|140|6|30100|5|
7002_高沙02 0|140|10004|30500|5|
7039_来啦10 0|140|0|30700|5|
7023_7023 0|140|0|30000|5|
7010_a 0|140|1|30500|5|
7017_52 0|1|0|31000|0|
7009_45445 0|140|0|30100|5|
7013_aaa 1|140|0|30800|5|
7030_来啦1 0|140|0|30400|5|
7031_来了2 1|140|0|30500|5|
7032_来了3 0|140|0|31000|5|
7033_来啦4 0|140|0|30300|5|
7034_来啦5 0|140|0|30500|5|
7035_来啦5 0|140|0|30800|5|
7036_来啦6 0|140|0|31000|5|
7025_7025 0|1|0|30100|5|
7018_5454 0|1|0|30200|0|
7014_68744879 0|140|0|30100|5|
8001_8001 0|140|0|30100|5|
8002_8002 0|140|0|30700|5|
8003_8003 0|140|0|30000|5|
8004_8004 0|140|0|30200|5|
8005_8005 0|140|0|30400|5|
7008_宫城08 0|140|0|30200|5|
7003_阿神03 0|140|0|30200|5|
7009_keke 0|1|0|30100|0|
7010_yyyy 0|1|0|30400|1|
x1_啊哈哈哈 1|1|0|30800|0|
7008_loll 0|1|0|30400|0|
10086_ppppp 0|140|0|30000|5|
10_啊啊啊啊 1|140|0|30100|5|
7001_我去 0|140|0|30400|5|
7006_彩子06 0|140|0|31100|5|
limingg_我的 0|1|0|30700|0|
limingg_你的 0|1|0|30800|0|
limingg1_啊1 0|1|0|30700|0|
limingg1_啊2 1|1|0|30400|0|
7040_1000 0|1|1041|30100|5|
7099_李杰深 1|1|0|30100|0|
7028_7028 0|1|0|30200|0|
de_是的 0|1|0|30700|0|
de_sss 0|1|0|30800|0|
as_sd 0|1|0|30700|0|
as_rf 0|1|0|30800|0|
as2_搜索 0|1|0|30200|0|
7041_7041 1|140|1260|30100|5|
7039_111 0|1|0|30100|0|
7038_1000 1|1|0|30100|0|
7056_144 0|1|0|30100|0|
7049_100 1|1|0|30100|0|
7051_100 0|1|0|30100|0|
7047_666 0|1|0|30100|0|
7046_666 0|1|0|30100|0|
7048_666 0|11|650|30100|0|
7048_111 0|70|770|30100|0|
7045_666 0|3|50|30100|0|
7049_666 0|140|0|30100|5|
7047_100 0|1|0|30100|0|
7058_666 0|1|0|30100|0|
7059_666 0|1|0|30100|0|
7060_666 0|1|0|30100|0|
7042_666 0|1|0|30100|5|
7044_111 0|1|0|30100|0|
7044_1113 1|1|0|30100|0|
www_11刘 0|1|0|30100|0|
7070_99999 0|40|0|30100|0|
7070_111111 0|40|0|30100|0|
7043_6565 0|1|0|30100|0|
7025_54 1|1|0|30100|0|
7050_88 0|13|900|30100|0|
7011_22 1|100|1040|30100|0|
7041_65+6 0|10|540|30100|0|
7035_100 0|15|1190|30100|0|
7034_112 0|18|1700|30100|0|
7035_777 0|31|4950|30100|0|
7041_999 0|140|1891|30100|5|
7040_88 0|140|11359|30100|5|
7030_99 0|1|0|30100|0|
7031_888 0|1|0|30100|0|
7032_88889 0|1|0|30200|0|
7033_778 0|1|0|30100|0|
7034_899 0|1|0|30300|0|
7036_99999 0|1|0|30800|0|
7037_99663 0|1|0|30900|0|
7038_962 0|1|0|31000|0|
7039_444852 0|1|0|30900|0|
7049_99665 0|1|0|30100|0|
7049_989895 1|1|0|30100|0|
7048_98895 0|1|0|30100|0|
7008_55 0|1|0|30100|0|
7007_414 0|1|0|30100|0|
7001_11 1|1|0|30100|0|
7044_10000 0|1|0|30100|0|
7045_55 0|1|0|30100|0|
7043_110 0|1|0|30100|0|
7014_14244 0|1|0|30100|0|
7046_88 1|1|0|30100|0|
7040_65445 1|140|4|30100|5|
7041_15656 0|140|0|30100|5|
7043_415456465 0|140|0|30100|5|
7001_8080 0|140|0|30100|5|
7020_121564 1|1|0|30100|0|
