7012_565 81002 140,4,2,2,1,1
7021_45445 9004 140,3,2,1,2,2
7011_7011 7 140,4,3,1,2,2
7001_阿牧01 6 140,3,3,0,3,3
7002_高沙02 3 140,1,1,0,1,1
7010_a 1 140,3,3,0,3,3
7040_1000 1 140,0,0,0,0,0
tomin_ja 0 1,0,0,0,0,0
7037_来啦7 0 140,2,1,1,0,1
7038_来啦8 0 140,4,2,2,1,1
7039_来啦10 0 140,3,1,2,1,1
7020_7020 0 140,2,1,1,1,1
8002_8002 0 1,0,0,0,0,0
8003_8003 0 1,0,0,0,0,0
8004_8004 0 1,0,0,0,0,0
8005_8005 0 1,0,0,0,0,0
7020_2112 0 1,0,0,0,0,0
7019_2112 0 1,0,0,0,0,0
liming_哟呵 0 1,0,0,0,0,0
7009_keke 0 1,0,0,0,0,0
7010_yyyy 0 1,0,0,0,0,0
x1_啊哈哈哈 0 1,0,0,0,0,0
7014_ggg 0 1,0,0,0,0,0
7008_宫城08 0 140,1,0,1,0,0
7009_45445 0 140,0,0,0,0,0
7014_68744879 0 140,1,1,0,1,1
7008_loll 0 1,0,0,0,0,0
7013_aaa 0 140,1,1,0,1,1
10086_ppppp 0 140,2,1,1,0,1
7007_Jason 0 1,0,0,0,0,0
10081_qqqqq 0 1,0,0,0,0,0
10082_asaaa 0 1,0,0,0,0,0
7012_aaaa 0 1,0,0,0,0,0
10_啊啊啊啊 0 1,0,0,0,0,0
21_12 0 1,0,0,0,0,0
7001_我去 0 1,0,0,0,0,0
limingg_我的 0 1,0,0,0,0,0
limingg_你的 0 1,0,0,0,0,0
limingg1_啊1 0 1,0,0,0,0,0
limingg1_啊2 0 1,0,0,0,0,0
a1_爽歪歪 0 1,0,0,0,0,0
7088_JasonLee 0 1,0,0,0,0,0
shiqi_sss 0 1,0,0,0,0,0
li1_sss 0 1,0,0,0,0,0
li1_ss 0 1,0,0,0,0,0
a1_ww 0 1,0,0,0,0,0
7006_ww 0 1,0,0,0,0,0
b1_dcccc 0 1,0,0,0,0,0
7099_李杰深 0 1,0,0,0,0,0
de_是的 0 1,0,0,0,0,0
de_sss 0 1,0,0,0,0,0
de_we 0 1,0,0,0,0,0
de_ff 0 1,0,0,0,0,0
de_fff 0 1,0,0,0,0,0
as_sd 0 1,0,0,0,0,0
as_rf 0 1,0,0,0,0,0
as2_搜索 0 1,0,0,0,0,0
7041_7041 0 1,1,1,0,1,1
7040_12 0 1,0,0,0,0,0
7039_111 0 1,0,0,0,0,0
7038_1000 0 1,0,0,0,0,0
7045_100 0 1,0,0,0,0,0
7090_100 0 1,0,0,0,0,0
7056_144 0 1,0,0,0,0,0
7049_100 0 1,0,0,0,0,0
7051_100 0 1,0,0,0,0,0
7047_666 0 1,0,0,0,0,0
7046_666 0 1,0,0,0,0,0
7048_666 0 1,0,0,0,0,0
7048_111 0 1,0,0,0,0,0
7045_666 0 1,0,0,0,0,0
7049_666 0 1,0,0,0,0,0
7047_100 0 1,0,0,0,0,0
7028_7028 0 1,1,1,0,1,1
7058_666 0 1,0,0,0,0,0
7059_666 0 1,0,0,0,0,0
7060_666 0 1,0,0,0,0,0
7042_666 0 1,0,0,0,0,0
7044_111 0 1,0,0,0,0,0
7044_1113 0 1,0,0,0,0,0
www_11刘 0 1,0,0,0,0,0
7070_99999 0 1,0,0,0,0,0
7070_111111 0 1,0,0,0,0,0
7043_6565 0 1,0,0,0,0,0
7025_54 0 1,0,0,0,0,0
7050_88 0 1,0,0,0,0,0
7011_22 0 1,0,0,0,0,0
7041_65+6 0 1,0,0,0,0,0
7035_100 0 1,0,0,0,0,0
7034_112 0 1,0,0,0,0,0
7033_651 0 1,0,0,0,0,0
7035_777 0 1,0,0,0,0,0
7041_999 0 1,0,0,0,0,0
7040_88 0 1,0,0,0,0,0
7040_1111 0 1,0,0,0,0,0
7011_112 0 1,0,0,0,0,0
7009_100 0 1,0,0,0,0,0
7045_22 0 1,0,0,0,0,0
7030_99 0 1,0,0,0,0,0
7031_888 0 1,0,0,0,0,0
7032_88889 0 1,0,0,0,0,0
7033_778 0 1,0,0,0,0,0
7034_899 0 1,0,0,0,0,0
7036_99999 0 1,0,0,0,0,0
7037_99663 0 1,0,0,0,0,0
7038_962 0 1,0,0,0,0,0
7039_444852 0 1,0,0,0,0,0
7049_99665 0 1,0,0,0,0,0
7049_989895 0 1,0,0,0,0,0
7048_98895 0 1,0,0,0,0,0
7020_788 0 1,0,0,0,0,0
ff11987625_11113123412314 0 1,0,0,0,0,0
7008_55 0 1,0,0,0,0,0
7007_414 0 1,0,0,0,0,0
7001_11 0 1,0,0,0,0,0
7044_10000 0 1,0,0,0,0,0
7045_55 0 1,0,0,0,0,0
7043_110 0 1,0,0,0,0,0
7014_14244 0 1,0,0,0,0,0
7040_7040 0 1,0,0,0,0,0
7014_1111 0 1,0,0,0,0,0
7014_1200 0 1,0,0,0,0,0
7015_88899 0 1,0,0,0,0,0
7015_100000 0 1,0,0,0,0,0
7016_12000 0 1,0,0,0,0,0
7041_9888 0 1,0,0,0,0,0
7034_1000 0 1,0,0,0,0,0
7043_65522 0 1,0,0,0,0,0
7040_65445 0 1,0,0,0,0,0
7041_15656 0 1,0,0,0,0,0
7043_415456465 0 1,0,0,0,0,0
7001_8080 0 1,0,0,0,0,0
7020_121564 0 1,0,0,0,0,0
7001_2000 0 1,0,0,0,0,0
7002_8888 0 1,0,0,0,0,0
7050_552 0 1,0,0,0,0,0
7006_1100 0 1,0,0,0,0,0
7028_8578578 0 1,0,0,0,0,0
7009_7009 0 1,0,0,0,0,0
7039_2115 0 1,0,0,0,0,0
7011_111 0 1,0,0,0,0,0
7041_1936 0 1,0,0,0,0,0
7040_45545 0 1,0,0,0,0,0
7046_1010 0 1,0,0,0,0,0
7042_11 0 1,0,0,0,0,0
7045_546456 0 1,0,0,0,0,0
7030_生产 0 1,0,0,0,0,0
7034_生产 0 1,0,0,0,0,0
7026_生产 0 1,0,0,0,0,0
7027_生产 0 1,0,0,0,0,0
7025_生产 0 1,0,0,0,0,0
7032_生产 0 1,0,0,0,0,0
7031_生产 0 1,0,0,0,0,0
7033_生产 0 1,0,0,0,0,0
7029_生产 0 1,0,0,0,0,0
